# Reduced Frequency (Hz)	Dynamic Modulus (MPa)
2.500000000000000000e+01 1.309969926200000009e+04
1.000000000000000000e+01 1.044811246120000033e+04
1.000000000000000000e+00 5.916821031120000043e+03
1.000000000000000056e-01 2.645367727280000054e+03
1.000000000000000021e-02 1.167193236119999938e+03
8.354081285923948599e+03 2.769644397327999832e+04
3.341632514369579894e+03 2.402468090383999879e+04
3.341632514369579781e+02 1.875249924843999906e+04
3.341632514369580065e+01 1.304053532644000006e+04
3.341632514369579976e+00 7.947679483879999680e+03
1.185166340326701291e+06 3.581232112735999544e+04
4.740665361306804698e+05 3.218278156816000046e+04
4.740665361306804698e+04 2.767743511995999870e+04
4.740665361306804698e+03 2.331099050671999794e+04
4.740665361306805039e+02 1.953666788227999859e+04
